$$APEX,0013,12:34:12,5114.4253,-00014.5264,00167,34,06,27.12,31.20,A34,545,53,58,B4,2,62,15,MOOO_LOL
$$APEX,0013,12:34:12,5114.4253,-00014.5264,00167,34,06,27.12,31.20,A34,545,53,58,B4,2,62,15,MOOO_LOL
$$APEX,0013,12:34:12,5114.4253,-00014.5264,00167,34,06,27.12,31.20,A34,545,53,58,B4,2,62,15,MOOO_LOL
$$APEX,0013,12:34:12,5114.4253,-00014.5264,00167,34,06,27.12,31.20,A34,545,53,58,B4,2,62,15,MOOO_LOL
$$APEX,0013,12:34:12,5114.4253,-00014.5264,00167,34,06,27.12,31.20,A34,545,53,58,B4,2,62,15,MOOO_LOL
$$APEX,0013,12:34:12,5114.4253,-00014.5264,00167,34,06,27.12,31.20,A34,545,53,58,B4,2,62,15,MOOO_LOL
$$APEX,204,16:39:55,5119.4948,-00012.2532,167,,05,82E,000
$$APEX,204,16:39:55,5119.4948,-00012.2532,167,,05,82E,000
$$APEX,205,16:40:19,5119.4930,-00012.2528,167,,04,82E,000
$$APEX,205,16:40:19,5119.4930,-00012.2528,167,,04,82E,000
$$APEX,206,16:40:43,5119.4936,-00012.2539,167,,05,82F,000
$$APEX,206,16:40:43,5119.4936,-00012.2539,167,,05,82F,000
$$APEX,207,16:41:46,5119.4920,-00012.2581,152,06,82E,000
$$APEX,207,16:41:46,5119.4920,-00012.2581,152,06,82E,000
$$APEX,208,16:42:10,5119.4910,-00012.2592,151,05,82E,000
$$APEX,208,16:42:10,5119.4910,-00012.2592,151,05,82E,000
$$APEX,209,16:42:34,5119.4907,-00012.2593,151,06,82E,000
$$APEX,209,16:42:34,5119.4907,-00012.2593,151,06,82E,000
$$APEX,210,16:42:58,5119.4907,-00012.2596,151,05,82E,000
$$APEX,210,16:42:58,5119.4907,-00012.2596,151,05,82E,000
$$APEX,211,16:43:22,5119.4908,-00012.2600,150,05,82D,000
$$APEX,211,16:43:22,5119.4908,-00012.2600,150,05,82D,000
$$APEX,212,16:43:46,5119.4909,-00012.2603,150,05,82E,000
$$APEX,212,16:43:46,5119.4909,-00012.2603,150,05,82E,000
$$APEX,213,16:44:10,5119.4915,-00012.2605,152,07,82D,000
$$APEX,213,16:44:10,5119.4915,-00012.2605,152,07,82D,000
$$APEX,214,16:44:34,5119.4928,-00012.2605,155,06,82D,000
$$APEX,214,16:44:34,5119.4928,-00012.2605,155,06,82D,000
$$APEX,215,16:44:58,5119.4929,-00012.2604,155,06,82C,000
$$APEX,215,16:44:58,5119.4929,-00012.2604,155,06,82C,000
$$APEX,216,16:45:22,5119.4928,-00012.2604,155,06,82D,000
$$APEX,216,16:45:22,5119.4928,-00012.2604,155,06,82D,000
$$APEX,217,16:45:46,5119.4921,-00012.2612,147,06,82C,000
$$APEX,217,16:45:46,5119.4921,-00012.2612,147,06,82C,000
$$APEX,218,16:46:10,5119.4919,-00012.2615,146,06,82C,000
$$APEX,218,16:46:10,5119.4919,-00012.2615,146,06,82C,000
$$APEX,219,16:46:34,5119.4917,-00012.2615,146,07,82C,000
$$APEX,219,16:46:34,5119.4917,-00012.2615,146,07,82C,000
$$APEX,220,16:46:58,5119.4917,-00012.2615,146,06,82C,000
$$APEX,220,16:46:58,5119.4917,-00012.2615,146,06,82C,000
$$APEX,221,16:47:22,5119.4917,-00012.2614,147,06,82C,000
$$APEX,221,16:47:22,5119.4917,-00012.2614,147,06,82C,000
$$APEX,222,16:47:46,5119.4915,-00012.2614,147,06,82B,000
$$APEX,222,16:47:46,5119.4915,-00012.2614,147,06,82B,000
$$APEX,223,16:48:10,5119.4914,-00012.2607,149,06,82B,000
$$APEX,223,16:48:10,5119.4914,-00012.2607,149,06,82B,000
$$APEX,224,16:48:34,5119.4909,-00012.2607,148,06,82C,000
$$APEX,224,16:48:34,5119.4909,-00012.2607,148,06,82C,000
$$APEX,225,16:48:58,5119.4908,-00012.2608,148,06,82B,000
$$APEX,225,16:48:58,5119.4908,-00012.2608,148,06,82B,000
$$APEX,226,16:49:22,5119.4908,-00012.2609,148,07,82C,000
$$APEX,226,16:49:22,5119.4908,-00012.2609,148,07,82C,000
$$APEX,227,16:49:46,5119.4908,-00012.2609,148,06,82A,000
$$APEX,227,16:49:46,5119.4908,-00012.2609,148,06,82A,000
$$APEX,228,16:50:10,5119.4915,-00012.2608,152,07,82A,000
$$APEX,228,16:50:10,5119.4915,-00012.2608,152,07,82A,000
$$APEX,229,16:50:34,5119.4913,-00012.2611,151,06,829,000
$$APEX,229,16:50:34,5119.4913,-00012.2611,151,06,829,000
$$APEX,230,16:50:58,5119.4909,-00012.2615,150,05,829,000
$$APEX,230,16:50:58,5119.4909,-00012.2615,150,05,829,000
$$APEX,231,16:51:22,5119.4907,-00012.2616,150,05,82A,000
$$APEX,231,16:51:22,5119.4907,-00012.2616,150,05,82A,000
$$APEX,232,16:51:46,5119.4908,-00012.2617,151,06,82A,000
$$APEX,232,16:51:46,5119.4908,-00012.2617,151,06,82A,000
$$APEX,233,16:52:10,5119.4907,-00012.2619,150,05,829,000
$$APEX,233,16:52:10,5119.4907,-00012.2619,150,05,829,000
$$APEX,234,16:52:34,5119.4906,-00012.2620,150,05,829,000
$$APEX,234,16:52:34,5119.4906,-00012.2620,150,05,829,000
$$APEX,235,16:52:58,5119.4904,-00012.2609,159,07,829,000
$$APEX,235,16:52:58,5119.4904,-00012.2609,159,07,829,000
$$APEX,236,16:53:22,5119.4931,-00012.2593,165,06,829,000
$$APEX,236,16:53:22,5119.4931,-00012.2593,165,06,829,000
$$APEX,237,16:53:46,5119.4938,-00012.2589,167,06,829,000
$$APEX,237,16:53:46,5119.4938,-00012.2589,167,06,829,000
$$APEX,238,16:54:10,5119.4939,-00012.2591,167,06,829,000
$$APEX,238,16:54:10,5119.4939,-00012.2591,167,06,829,000
$$APEX,239,16:54:34,5119.4918,-00012.2610,159,06,828,000
$$APEX,239,16:54:34,5119.4918,-00012.2610,159,06,828,000
$$APEX,240,16:54:58,5119.4911,-00012.2616,157,06,828,000
$$APEX,240,16:54:58,5119.4911,-00012.2616,157,06,828,000
$$APEX,241,16:55:22,5119.4920,-00012.2614,158,06,828,000
$$APEX,241,16:55:22,5119.4920,-00012.2614,158,06,828,000
$$APEX,242,16:55:46,5119.4917,-00012.2619,153,05,828,000
$$APEX,242,16:55:46,5119.4917,-00012.2619,153,05,828,000
$$APEX,243,16:56:10,5119.4913,-00012.2621,151,05,827,000
$$APEX,243,16:56:10,5119.4913,-00012.2621,151,05,827,000
$$APEX,244,16:56:34,5119.4911,-00012.2622,150,06,827,000
$$APEX,244,16:56:34,5119.4911,-00012.2622,150,06,827,000
$$APEX,245,16:56:58,5119.4909,-00012.2624,149,05,828,000
$$APEX,245,16:56:58,5119.4909,-00012.2624,149,05,828,000
$$APEX,246,16:57:22,5119.4907,-00012.2626,148,05,828,000
$$APEX,246,16:57:22,5119.4907,-00012.2626,148,05,828,000
$$APEX,0013,12:34:12,5114.4253,-00014.5264,00167,34,06,27.12,31.20,A34,545,53,58,B4,2,62,15,MOOO_LOL
$$APEX,0013,12:34:12,5114.4253,-00014.5264,00167,34,06,27.12,31.20,A34,545,53,58,B4,2,62,15,MOOO_LOL
$$APEX,0013,12:34:12,5114.4253,-00014.5264,00167,34,06,27.12,31.20,A34,545,53,58,B4,2,62,15,MOOO_LOL
